34900
0
300
35900
300
35900
34900
0
34900
0
20900
11900
18900
20900
8900
27900
13900
13900
35900
20900
34900
0
25900
20900
10900
8900
21900
23900
300
34900
0
31900
10900
20900
300
9900
27900
11900
35900
18900
20900
8900
69800
0
27900
9900
34900
0
300
34900
0
15900
8900
9900
31900
32900
49800
27800
8900
8900
11900
34900
0
47800
17800
17800
18900
34900
0
35900
8900
13900
7900
34900
0
13900
32900
20900
27800
9900
11900
9900
9900
3000
0
8900
0
34900
0
17800
20900
13900
11900
9900
11900
13900
24900
24900
300
8900
12900
11900
9900
16900
0
0
34900
0
45900
0
34900
0
300
7900
12900
9900
0
0
9900
0
0
27900
300
34900
0
13900
24900
9900
32900
34900
0
34900
0
23900
300
35900
11900
9900
24900
9900
20900
19800
8900
13900
43900
13900
16900
0
0
31900
13900
35900
0
9900
35900
0
9900
9900
13900
8900
43900
300
8900
22900
31900
17800
20900
9900
32900
11900
20900
13900
18900
35900
34900
0
300
8900
8900
35900
0
69800
0
43900
30900
0
9900
8900
35900
0
34900
0
8900
8900
35900
0
18900
32900
300
10900
8900
18900
8900
20900
34900
0
8900
11900
43900
12900
34900
0
13900
15900
45900
0
71800
13900
7900
8900
35900
0
9900
43900
300
13900
113400
37800
600
20900
43900
20900
20900
9900
27900
13900
34900
0
41900
0
8900
34900
0
41900
0
20900
23900
18900
34900
0
15800
17800
24900
19800
18900
8900
13900
300
18900
13900
1000
13900
22900
35900
0
30900
0
34900
0
25900
9900
41900
0
300
25800
22900
24900
300
43900
300
34900
0
300
45900
0
35900
34900
0
13900
8900
13900
43900
43900
31900
27900
69800
0
37800
35900
0
300
13900
24900
300
8900
45900
0
9900
8900
35900
23900
8900
8900
9900
34900
0
69800
0
29700
8900
35900
31900
17800
19800
8900
9900
23900
21900
17900
0
0
22900
0
9900
27900
5900
8900
13900
43800
19800
18900
55800
9900
23700
18900
17900
0
9900
9900
1000
0
9900
22900
0
9900
7900
19900
0
0
27900
22900
13900
22900
25900
20900
13900
18900
300
9900
8900
25900
13900
13900
20900
17900
0
18900
0
0
9900
13900
25900
23900
9900
0
11900
0
22900
9900
3000
0
22900
23900
19800
0
25900
22900
27800
55800
600
18900
0
0
9900
0
23900
300
22900
300
25900
10900
22900
7900
25900
8900
13900
20900
300
22900
13900
18900
10900
25900
18900
0
0
0
8900
17900
0
0
0
13900
24900
13900
25900
8900
33800
0
600
9900
9900
22900
27900
25900
18900
0
0
18900
19900
0
0
19800
27900
23900
300
25900
20900
0
0
300
23900
300
22900
0
300
18900
0
0
0
23900
18900
0
0
13900
27900
13900
18900
32800
19800
23900
300
13900
8900
9900
1000
9900
20900
25900
27900
51800
37800
25900
22900
32800
8900
55800
19900
0
300
32800
18900
18900
0
0
0
23900
33800
0
600
41800
0
17800
22900
300
9900
0
9900
0
1000
68700
33800
0
13900
35900
41700
35900
35900
27900
23900
31900
20900
300
18900
300
9900
20900
22900
35900
0
7900
34900
0
20900
27900
9900
15900
20900
8900
31900
7900
34900
0
300
31900
34900
0
9900
27800
35900
15800
8900
34900
0
20900
34900
0
27800
34900
0
20900
6900
9900
21900
34900
0
35900
9900
45900
0
11900
9900
0
0
17800
51600
17800
71800
19800
9900
15900
300
34900
0
15900
23900
35900
8900
21900
34900
0
35900
13900
43900
24900
13900
21400
34900
0
34900
0
7900
13900
35900
0
34900
0
8900
47800
7900
18900
34900
0
22900
300
34900
0
35900
8900
41900
0
300
8900
13900
13900
22900
43900
31900
43900
34900
0
13900
35900
20900
8900
34900
0
34900
0
35900
0
24900
43900
43900
300
35900
34900
0
300
35900
18900
20900
35900
0
27900
300
34900
0
15900
35900
20900
35900
34900
0
7900
45900
0
9900
31900
7900
43900
20900
27800
17800
9900
34900
0
13900
34900
0
20900
25900
7900
43900
13900
13900
8900
8900
34900
0
43900
31900
0
13900
25800
13900
23900
8900
41900
0
83800
0
21800
34900
0
18900
13900
87800
13000
34900
0
34900
0
9900
22900
300
8900
34900
0
34900
0
20900
43900
41900
0
20900
35900
35900
13900
41900
0
8900
9900
8900
13900
8900
35900
0
34900
0
35900
8900
13900
35900
9900
35900
20900
41900
0
300
34900
0
13900
41900
0
8900
8900
8900
31900
7900
18900
8900
8900
10900
34900
0
18900
23900
34900
0
35900
13900
27900
9900
35900
8900
18900
31900
0
8900
9900
27900
10900
35900
35900
20900
34900
0
34900
0
45900
0
43900
43900
15900
45900
0
34900
0
34900
0
22900
300
7900
13900
22900
21900
9900
11900
43900
8900
34900
0
22900
9900
41900
0
7500
21900
30900
0
35900
8900
43800
15800
18900
34900
0
7900
45900
0
34900
0
34900
0
35900
0
300
8900
13900
8900
13900
25800
8900
21900
0
18900
9900
9900
0
0
19900
0
300
9900
300
20900
9900
9900
11900
13900
13900
23900
9900
0
1000
16900
0
0
300
23900
300
13900
300
9900
11900
25900
25900
24900
37800
25900
13900
3000
13900
25900
13900
8900
1000
31900
22900
27900
13900
9900
24900
300
9900
9900
3000
0
13900
20900
0
0
9900
0
0
39800
0
22900
23900
55800
19800
25900
9900
9900
22900
0
5900
25900
33800
0
13900
25800
6000
2000
25900
20900
22900
20900
22900
8900
0
20900
0
23900
22900
25900
9900
9900
27900
19900
0
0
9900
0
27900
8900
8900
18900
10900
7900
8900
20900
300
13900
21900
300
13900
1000
16900
0
0
12900
0
27900
300
23900
300
25900
23900
25900
21900
9900
9900
9900
9900
20900
0
0
0
18900
23900
18900
0
21900
27900
23900
10900
22900
9900
23900
20900
0
9900
25900
45800
9900
23900
22900
25900
8900
24900
18900
0
0
0
9900
20900
0
300
8900
25900
13900
20900
27900
18900
0
13900
22900
17900
0
0
0
9900
18900
0
0
23900
22900
300
29700
56700
900
13900
21900
9900
17900
0
0
13900
23900
25900
23900
32800
43800
0
19800
0
2000
20900
300
12900
32800
8900
18900
0
17900
0
18900
0
23900
22900
9900
43900
20900
8900
13900
43900
35900
0
15900
18900
34900
0
25900
20900
24900
13900
8900
34900
0
13900
32900
13900
13900
16900
0
0
0
9900
35900
27900
300
5900
13900
300
15900
7900
43900
8900
43900
13900
29900
20900
5900
37800
23900
34900
0
13900
13900
8900
35900
300
8900
34900
0
16900
0
35900
16900
0
30900
0
35900
20900
35900
0
24900
31900
9900
31900
20900
34900
0
35900
8900
31900
18900
35900
32900
10900
300
13900
41900
0
300
34900
0
24900
39500
0
0
0
300
30900
0
300
7900
43900
71800
0
7900
18900
41900
0
300
24900
8900
9900
0
0
11900
13900
43800
8900
34900
0
28900
0
300
13900
300
9900
215400
35900
34900
0
300
13900
31900
35900
300
34900
0
34900
0
35900
34900
0
64200
34900
0
35900
0
31900
9900
39500
0
0
0
8900
13900
8900
21900
8900
7900
34900
0
18900
8900
41900
0
79000
0
0
0
25900
300
5900
28900
0
14900
34900
0
300
32900
300
34900
0
300
8900
41900
0
7900
300
8900
11900
9900
39500
0
0
0
143600
27900
300
9900
41900
0
34900
0
35900
79000
0
0
0
15800
600
34900
0
35900
32900
43900
35900
34900
0
41900
0
20900
18900
35900
0
21400
34900
0
13900
18900
83800
0
30900
0
23900
9900
12900
9900
13900
18900
35900
7900
34900
0
35900
8900
13900
24900
9900
35900
63800
19800
21800
8900
41900
0
7900
300
12900
0
1000
29900
28900
0
22900
8900
20900
79000
0
0
0
600
8900
34900
0
300
9900
8900
26900
31900
34900
0
300
83800
0
21800
600
34900
0
300
31900
300
18900
35900
35900
39800
0
0
0
300
28900
0
5900
23900
24900
9900
35900
24900
300
9900
20900
13900
9900
24900
9900
39500
0
0
0
20900
300
34900
0
300
25900
300
83800
600
0
37800
34900
0
35900
34900
0
300
8900
25900
9900
34900
0
300
31900
0
34900
0
43900
7900
8900
34900
0
28900
0
13900
35900
0
27900
18900
0
0
0
19800
13900
27900
11800
13900
23900
13100
17900
0
25900
8900
9900
9900
8900
0
32800
13900
20900
9900
32800
17900
8900
300
13100
13900
32800
32800
8900
21900
300
18900
300
13100
300
13800
2000
15800
0
2000
15800
22900
21900
13100
21900
13100
32800
8900
10900
17900
0
13900
32900
10900
11800
13900
25900
9900
0
0
9900
10900
3000
1000
18900
8900
20900
8900
5900
21900
0
24900
19900
23900
300
15800
9900
9900
0
1000
17900
0
22900
25900
17800
2000
23900