22900
0
9900
43900
0
20900
0
8900
13900
0
43900
0
35900
0
0
15900
0
18900
0
34900
0
0
25900
0
20900
0
24900
0
13900
0
8900
34900
0
0
13900
0
32900
0
13900
0
13900
0
16900
0
0
0
0
9900
35900
0
27900
300
5900
13900
300
15900
0
7900
43900
0
8900
43900
0
13900
0
29900
20900
0
5900
37800
0
23900
0
34900
0
0
13900
0
13900
0
8900
0
35900
300
8900
34900
0
0
16900
0
0
35900
0
16900
0
0
30900
0
0
35900
20900
0
35900
0
0
24900
0
31900
0
9900
0
31900
0
20900
0
34900
0
0
35900
0
8900
31900
0
18900
0
35900
0
32900
10900
300
13900
0
41900
0
300
34900
0
0
24900
0
39500
0
0
0
300
30900
0
300
7900
43900
0
71800
0
0
7900
18900
0
41900
0
300
24900
0
8900
9900
0
0
11900
0
13900
0
43800
0
8900
34900
0
0
28900
0
300
13900
300
9900
215400
0
35900
0
34900
0
300
13900
0
31900
35900
300
34900
0
0
34900
0
0
35900
0
34900
0
0
64200
0
0
34900
0
0
35900
0
0
31900
0
9900
39500
0
0
0
0
8900
13900
0
8900
21900
0
8900
7900
34900
0
0
18900
0
8900
41900
0
0
79000
0
0
0
0
25900
300
5900
28900
0
0
14900
0
34900
0
300
32900
300
34900
0
300
8900
41900
0
7900
300
8900
11900
0
9900
0
39500
0
0
0
0
143600
0
27900
300
9900
41900
0
0
34900
0
0
35900
0
79000
0
0
0
15800
600
34900
0
0
35900
0
32900
0
43900
0
35900
0
34900
0
0
41900
0
0
20900
0
18900
0
35900
0
0
21400
0
0
34900
0
0
13900
0
18900
0
83800
0
0
30900
0
0
23900
9900
12900
0
9900
13900
0
18900
0
35900
0
7900
34900
0
0
35900
0
8900
13900
24900
0
9900
35900
0
63800
0
19800
21800
8900
41900
0
7900
300
12900
0
1000
29900
28900
0
0
22900
8900
0
20900
0
79000
0
0
0
600
8900
34900
0
300
9900
8900
26900
31900
34900
0
300
83800
0
21800
600
34900
0
300
31900
300
18900
0
35900
0
35900
0
39800
0
0
0
300
28900
0
0
5900
23900
0
24900
0
9900
35900
0
24900
300
9900
20900
0
13900
0
9900
24900
0
9900
39500
0
0
0
0
20900
300
34900
0
300
25900
300
83800
600
0
37800
0
34900
0
0
35900
0
34900
0
300
8900
25900
0
9900
34900
0
300
31900
0
0
34900
0
0
43900
0
7900
8900
34900
0
0
28900
0
0
13900
0
35900
0
0
27900
0
18900
0
0
0
0
19800
13900
0
27900
0
11800
13900
23900
0
13100
0
17900
0
0
25900
8900
0
9900
9900
8900
0
32800
0
0
13900
20900
0
9900
32800
0
0
17900
8900
300
13100
0
13900
32800
0
0
32800
0
0
8900
21900
300
18900
300
13100
300
13800
2000
15800
0
2000
15800
0
22900
0
21900
0
13100
0
21900
0
13100
0
32800
0
0
8900
10900
17900
0
0
13900
0
32900
0
0
10900
11800
13900
0
25900
0
9900
0
0
9900
10900
3000
1000
18900
0
8900
20900
0
8900
5900
21900
0
0
24900
0
19900
0
23900
300
15800
9900
9900
0
1000
17900
0
0
22900
0
25900
0
17800
2000
23900
035900
0
41700
0
35900
0
35900
0
27900
0
23900
0
31900
0
20900
300
18900
300
9900
20900
0
22900
0
35900
0
7900
0
34900
0
0
20900
0
27900
0
9900
15900
0
20900
0
8900
31900
0
7900
34900
0
300
31900
0
34900
0
0
9900
27800
0
35900
0
15800
8900
34900
0
0
20900
0
34900
0
0
27800
0
34900
0
0
20900
0
6900
9900
21900
0
34900
0
0
35900
9900
0
45900
0
0
11900
0
9900
0
0
17800
51600
0
0
17800
71800
0
19800
9900
15900
300
34900
0
0
15900
0
23900
0
35900
0
8900
21900
0
34900
0
0
35900
0
13900
0
43900
0
24900
0
13900
0
21400
0
0
34900
0
0
34900
0
0
7900
13900
0
35900
0
0
34900
0
0
8900
47800
0
7900
18900
0
34900
0
0
22900
300
34900
0
0
35900
0
8900
0
41900
0
300
8900
13900
0
13900
0
22900
0
43900
0
31900
0
43900
0
34900
0
0
13900
35900
0
20900
0
8900
34900
0
0
34900
0
0
35900
0
0
24900
0
43900
0
43900
300
35900
0
34900
0
300
35900
0
18900
0
20900
0
35900
0
0
27900
300
34900
0
0
15900
0
35900
0
20900
0
35900
0
34900
0
7900
0
45900
0
0
9900
31900
0
7900
43900
0
20900
0
27800
0
17800
9900
34900
0
0
13900
0
34900
0
0
20900
0
25900
0
7900
43900
0
13900
0
13900
0
8900
8900
34900
0
0
43900
0
31900
0
0
13900
0
25800
0
0
13900
0
23900
0
8900
41900
0
0
83800
0
0
21800
34900
0
0
18900
0
13900
0
87800
0
13000
34900
0
0
34900
0
0
9900
22900
300
8900
34900
0
0
34900
0
0
20900
0
43900
0
41900
0
0
20900
0
35900
0
35900
0
13900
0
41900
0
0
8900
9900
8900
13900
0
8900
35900
0
0
34900
0
0
35900
0
8900
13900
0
35900
0
9900
35900
0
20900
0
41900
0
300
34900
0
0
13900
0
41900
0
0
8900
8900
8900
31900
0
7900
18900
0
8900
8900
10900
34900
0
0
18900
0
23900
0
34900
0
0
35900
0
13900
0
27900
0
9900
35900
0
8900
0
18900
0
31900
0
0
8900
9900
27900
0
10900
35900
35900
0
20900
0
34900
0
0
34900
0
0
45900
0
0
43900
0
43900
0
15900
0
45900
0
0
34900
0
0
34900
0
0
22900
300
7900
13900
0
22900
0
21900
0
9900
11900
0
43900
0
8900
34900
0
0
22900
0
9900
41900
0
0
7500
21900
0
30900
0
0
35900
0
8900
43800
0
15800
18900
0
34900
0
0
7900
45900
0
0
34900
0
0
34900
0
0
35900
0
300
8900
13900
0
8900
13900
0
25800
0
0
8900
21900
0
0
18900
0
9900
9900
0
0
19900
0
300
9900
300
20900
0
9900
9900
11900
0
13900
0
13900
0
23900
0
9900
0
1000
16900
0
0
300
23900
300
13900
300
9900
11900
25900
0
25900
0
24900
0
37800
0
25900
0
13900
3000
13900
25900
0
13900
0
8900
1000
31900
0
0
22900
0
27900
0
13900
0
9900
24900
300
9900
9900
3000
0
13900
20900
0
0
0
9900
0
0
39800
0
0
22900
0
23900
0
55800
0
19800
25900
0
9900
9900
22900
0
0
5900
25900
0
33800
0
0
13900
0
25800
6000
2000
25900
0
20900
0
22900
0
20900
0
22900
0
8900
0
20900
0
0
23900
0
22900
0
25900
0
9900
9900
27900
0
19900
0
0
0
9900
0
27900
0
8900
8900
18900
0
10900
7900
8900
20900
300
13900
0
21900
300
13900
1000
16900
0
0
0
12900
0
27900
300
23900
300
25900
0
23900
0
25900
0
21900
0
9900
9900
9900
0
9900
20900
0
0
0
0
18900
0
23900
0
18900
0
0
21900
0
27900
0
23900
0
10900
22900
0
9900
23900
0
20900
0
0
9900
25900
0
45800
0
9900
23900
0
22900
0
25900
0
8900
24900
0
18900
0
0
0
0
9900
20900
0
300
8900
25900
0
13900
0
20900
0
27900
0
18900
0
0
13900
0
22900
0
17900
0
0
0
0
9900
18900
0
0
0
23900
0
22900
300
29700
56700
900
13900
0
21900
0
9900
17900
0
0
0
13900
23900
0
25900
0
23900
0
32800
0
0
43800
0
0
19800
0
2000
20900
300
12900
32800
0
0
8900
18900
0
0
17900
0
0
18900
0
0
23900
034900
0
300
35900
300
35900
0
34900
0
0
34900
0
0
20900
0
11900
0
18900
0
20900
0
8900
27900
0
13900
0
13900
0
35900
20900
0
34900
0
0
25900
0
20900
0
10900
8900
21900
0
23900
300
34900
0
0
31900
0
10900
20900
300
9900
27900
0
11900
0
35900
18900
0
20900
0
8900
69800
0
0
27900
0
9900
34900
0
300
34900
0
0
15900
0
8900
9900
0
31900
0
32900
0
49800
0
27800
0
8900
8900
0
11900
0
34900
0
0
47800
0
17800
17800
18900
0
34900
0
0
35900
8900
13900
0
7900
34900
0
0
13900
0
32900
0
20900
0
27800
9900
11900
0
9900
9900
3000
0
8900
0
34900
0
0
17800
0
20900
0
13900
0
11900
0
9900
11900
0
13900
0
24900
0
24900
300
8900
12900
11900
0
9900
16900
0
0
0
34900
0
0
45900
0
0
34900
0
300
7900
12900
9900
0
0
9900
0
0
27900
300
34900
0
0
13900
0
24900
0
9900
32900
0
34900
0
0
34900
0
0
23900
300
35900
0
11900
0
9900
24900
0
9900
20900
0
19800
8900
13900
0
43900
0
13900
0
16900
0
0
0
31900
0
13900
0
35900
0
9900
0
35900
0
9900
0
9900
13900
0
8900
43900
300
8900
22900
0
31900
0
17800
20900
0
9900
32900
0
11900
0
20900
0
13900
0
18900
0
35900
0
34900
0
300
8900
8900
35900
0
0
69800
0
0
43900
0
30900
0
0
9900
8900
35900
0
0
34900
0
0
8900
8900
35900
0
0
18900
0
32900
300
10900
8900
18900
0
8900
20900
0
34900
0
0
8900
11900
0
43900
0
12900
34900
0
0
13900
0
15900
0
45900
0
0
71800
0
13900
0
7900
8900
35900
0
0
9900
0
43900
300
13900
0
113400
0
37800
600
20900
0
43900
0
20900
0
20900
0
9900
27900
0
13900
0
34900
0
0
41900
0
0
20900
0
23900
0
18900
0
34900
0
15800
0
17800
0
24900
0
19800
0
18900
0
8900
0
13900
300
18900
0
13900
1000
13900
0
22900
0
35900
0
0
30900
0
0
34900
0
0
25900
0
9900
41900
0
300
25800
0
0
22900
0
24900
300
43900
300
34900
0
300
45900
0
0
35900
34900
0
0
13900
0
8900
13900
0
43900
0
43900
0
31900
0
27900
0
69800
0
0
37800
0
35900
0
300
13900
24900
300
8900
45900
0
0
9900
8900
35900
0
23900
0
8900
8900
9900
34900
0
0
69800
0
0
29700
8900
35900
31900
17800
19800
8900
9900
23900
0
21900
0
17900
0
0
0
22900
0
0
9900
27900
0
5900
8900
13900
0
43800
0
19800
18900
0
55800
0
9900
23700
18900
0
17900
0
0
9900
9900
1000
0
9900
22900
0
0
9900
7900
19900
0
0
0
27900
0
22900
0
13900
0
22900
0
25900
0
20900
0
13900
0
18900
300
9900
8900
25900
0
13900
0
13900
0
20900
0
17900
0
0
18900
0
0
0
9900
13900
0
25900
0
23900
0
9900
0
11900
0
22900
0
9900
3000
0
22900
0
23900
0
19800
0
25900
0
22900
0
27800
0
55800
600
18900
0
0
0
9900
0
23900
300
22900
300
25900
0
10900
22900
0
7900
25900
0
8900
13900
20900
300
22900
0
13900
18900
0
10900
25900
0
18900
0
0
0
0
8900
17900
0
0
0
0
13900
0
24900
0
13900
0
25900
8900
0
33800
0
600
9900
9900
22900
0
27900
0
25900
0
18900
0
0
0
18900
0
19900
0
0
0
19800
27900
0
23900
300
25900
0
20900
0
0
300
23900
300
22900
0
300
18900
0
0
0
0
23900
0
18900
0
0
0
13900
0
27900
0
13900
0
18900
0
32800
0
0
19800
23900
300
13900
0
8900
9900
1000
9900
20900
0
25900
0
27900
0
51800
0
37800
0
25900
0
22900
0
32800
0
0
8900
55800
0
19900
0
300
32800
0
0
18900
0
18900
0
0
0
0
23900
0
33800
0
600
41800
0
0
17800
22900
300
9900
0
9900
0
1000
68700
0
33800
0
0
13900
0